#LIBRARY    TENDL-2019
#REACTION   O-18(N,G)O-19,SIG
#NUCLEUS    O-18
#MF         3
#MT         102
#EN-MIN     1e-05
#EN-MAX     2e+07
#E,eV        Sig,b        Interpolation
 1E-05       0.00775552   
 1.10304E-05 0.00738441   
 1.21669E-05 0.00703106   
 1.34206E-05 0.00669462   
 1.48034E-05 0.00637428   
 1.63286E-05 0.00606926   
 1.80111E-05 0.00577884   
 1.98669E-05 0.00550232   
 2.19139E-05 0.00523903   
 2.41719E-05 0.00498834   
 2.66625E-05 0.00474964   
 2.94097E-05 0.00452237   
 3.244E-05   0.00430597   
 3.57825E-05 0.00409992   
 3.94694E-05 0.00390374   
 4.35362E-05 0.00371694   
 4.80221E-05 0.00353908   
 5.29701E-05 0.00336973   
 5.8428E-05  0.00320849   
 6.44482E-05 0.00305496   
 7.10888E-05 0.00290878   
 7.84136E-05 0.00276959   
 8.64931E-05 0.00263706   
 9.54051E-05 0.00251088   
 0.000105235 0.00239073   
 0.000116078 0.00227633   
 0.000128039 0.00216741   
 0.000141232 0.00206369   
 0.000155784 0.00196494   
 0.000171835 0.00187092   
 0.00018954  0.00178139   
 0.00020907  0.00169615   
 0.000230612 0.00161499   
 0.000254374 0.00153771   
 0.000280584 0.00146413   
 0.000309494 0.00139407   
 0.000341383 0.00132736   
 0.000376558 0.00126385   
 0.000415358 0.00120337   
 0.000458155 0.00114579   
 0.000505362 0.00109096   
 0.000557433 0.00103876   
 0.000614869 0.000989053  
 0.000678223 0.000941726  
 0.000748105 0.000896664  
 0.000825188 0.000853758  
 0.000910213 0.000812905  
 0.001004    0.000774006  
 0.00110745  0.00073697   
 0.00122155  0.000701705  
 0.00134742  0.000668128  
 0.00148625  0.000636157  
 0.00163939  0.000605717  
 0.00180831  0.000576732  
 0.00199463  0.000549135  
 0.00220016  0.000522859  
 0.00242685  0.000497839  
 0.00267691  0.000474017  
 0.00295273  0.000451335  
 0.00325697  0.000429738  
 0.00359256  0.000409175  
 0.00396272  0.000389596  
 0.00437103  0.000370953  
 0.00482141  0.000353203  
 0.00531819  0.000336302  
 0.00586616  0.000320209  
 0.00647059  0.000304887  
 0.0071373   0.000290298  
 0.00787271  0.000276407  
 0.00868389  0.000263181  
 0.00957865  0.000250587  
 0.0105656   0.000238596  
 0.0116543   0.000227179  
 0.0128551   0.000216309  
 0.0141796   0.000205958  
 0.0156406   0.000196103  
 0.0172522   0.000186719  
 0.0190298   0.000177784  
 0.0209906   0.000169277  
 0.0231534   0.000161177  
 0.0252419   0.000154366  
 0.0253      0.000154188  
 0.0279068   0.000146811  
 0.0307823   0.000139786  
 0.033954    0.000133098  
 0.0374525   0.000126731  
 0.0413115   0.00012067   
 0.0455681   0.000114901  
 0.0502633   0.000109409  
 0.0554423   0.00010418   
 0.0611549   9.92009E-05  
 0.0674561   9.44576E-05  
 0.0744066   8.99388E-05  
 0.0820732   8.56352E-05  
 0.0905297   8.15386E-05  
 0.0998577   7.76403E-05  
 0.110147    7.3929E-05   
 0.121496    7.0393E-05   
 0.134014    6.70228E-05  
 0.147823    6.3812E-05   
 0.163054    6.07547E-05  
 0.179855    5.78446E-05  
 0.198386    5.50759E-05  
 0.218827    5.24432E-05  
 0.241375    4.99383E-05  
 0.266245    4.75502E-05  
 0.293678    4.52728E-05  
 0.323938    4.31037E-05  
 0.357316    4.1039E-05   
 0.394132    3.90751E-05  
 0.434743    3.72103E-05  
 0.479537    3.54341E-05  
 0.528947    3.3737E-05   
 0.583448    3.212E-05    
 0.643565    3.05809E-05  
 0.709876    2.9116E-05   
 0.78302     2.77224E-05  
 0.8637      2.64021E-05  
 0.959413    2.50526E-05  
 1.05827     2.38515E-05  
 1.16731     2.27083E-05  
 1.28758     2.16202E-05  
 1.42025     2.05845E-05  
 1.56659     1.95986E-05  
 1.72801     1.86603E-05  
 1.90606     1.77726E-05  
 2.11718     1.68632E-05  
 2.33533     1.60549E-05  
 2.57595     1.52855E-05  
 2.84137     1.45533E-05  
 3.13414     1.38562E-05  
 3.45707     1.31928E-05  
 3.78675     1.26099E-05  
 4.17692     1.20061E-05  
 4.6073      1.14309E-05  
 5.08202     1.08827E-05  
 5.60566     1.03614E-05  
 6.18325     9.86516E-06  
 6.82035     9.39284E-06  
 7.4704      8.97731E-06  
 8.24013     8.54777E-06  
 9.08917     8.13886E-06  
 9.95595     7.77607E-06  
 10.9818     7.40267E-06  
 12.1133     7.04876E-06  
 13.3614     6.7109E-06   
 14.7382     6.39042E-06  
 16.3706     6.06415E-06  
 18.0574     5.77447E-06  
 19.7794     5.51739E-06  
 21.6646     5.27099E-06  
 23.8968     5.01867E-06  
 26.3591     4.77798E-06  
 29.0751     4.54951E-06  
 32.7528     4.28753E-06  
 35.8744     4.09689E-06  
 39.2956     3.91477E-06  
 42.7415     3.75346E-06  
 47.1454     3.57295E-06  
 52.0031     3.40231E-06  
 57.3614     3.2396E-06   
 64.6138     3.0523E-06   
 71.7742     2.89689E-06  
 78.0682     2.77774E-06  
 84.9141     2.66348E-06  
 93.0073     2.54437E-06  
 102.59      2.42301E-06  
 113.161     2.30695E-06  
 122.228     2.22119E-06  
 132.015     2.13675E-06  
 143.592     2.0487E-06   
 156.184     1.96448E-06  
 168.698     1.89025E-06  
 183.492     1.81242E-06  
 202.398     1.72563E-06  
 223.252     1.6429E-06   
 241.129     1.58195E-06  
 262.274     1.51657E-06  
 287.285     1.44922E-06  
 312.478     1.3897E-06   
 337.499     1.33729E-06  
 367.095     1.28229E-06  
 404.919     1.22098E-06  
 446.64      1.16254E-06  
 482.428     1.11946E-06  
 524.733     1.07328E-06  
 574.745     1.02574E-06  
 625.145     9.83715E-07  
 675.236     9.46681E-07  
 729.304     9.11063E-07  
 798.844     8.70453E-07  
 881.155     8.29167E-07  
 957.451     7.95997E-07  
 1048.71     7.60739E-07  
 1148.71     7.27168E-07  
 1249.45     6.97512E-07  
 1349.49     6.71401E-07  
 1456.42     6.46527E-07  
 1605        6.16073E-07  
 1769.62     5.87089E-07  
 1914.88     5.64957E-07  
 2091.61     5.40828E-07  
 2291.07     5.1717E-07   
 2489.33     4.96531E-07  
 2707.62     4.76513E-07  
 2945.06     4.57271E-07  
 3260.2      4.35118E-07  
 3552.02     4.17368E-07  
 3918.01     3.97918E-07  
 4289.06     3.80794E-07  
 4785.32     3.61337E-07  
 5241.67     3.4588E-07   
 5696.73     3.32372E-07  
 6196.28     3.19326E-07  
 6739.64     3.06804E-07  
 7452.02     2.92579E-07  
 8156.25     2.80369E-07  
 9123.57     2.66189E-07  
 10014.3     2.54976E-07  
 10962.6     2.44635E-07  
 11923.2     2.35476E-07  
 12968.8     2.26715E-07  
 14271.8     2.17192E-07  
 15852.6     2.07372E-07  
 17226       2.00159E-07  
 18729.3     1.93066E-07  
 20616.7     1.85441E-07  
 22372       1.79284E-07  
 24296.3     1.73396E-07  
 26426.9     1.67706E-07  
 29393.2     1.60961E-07  
 31746.8     1.5649E-07   
 34416.3     1.51902E-07  
 38169.7     1.46537E-07  
 41680.2     1.42315E-07  
 45507.4     1.38432E-07  
 49734.5     1.3483E-07   
 55332.3     1.30936E-07  
 59648.1     1.28567E-07  
 65790.3     1.25731E-07  
 73275.5     1.23183E-07  
 80859.2     1.2135E-07   
 88549.8     1.20107E-07  
 97019.8     1.19326E-07  
 106125      1.19044E-07  
 117850      1.19506E-07  
 129445      1.20693E-07  
 142482      1.22709E-07  
 156426      1.2569E-07   
 170370      1.29458E-07  
 184314      1.34002E-07  
 198258      1.39332E-07  
 212202      1.45481E-07  
 224573      1.51631E-07  
 238420      1.59423E-07  
 252162      1.68151E-07  
 266114      1.78148E-07  
 279961      1.89307E-07  
 291039      1.99239E-07  
 301405      2.09485E-07  
 311000      2.1974E-07   
 322000      2.32736E-07  
 333000      2.47108E-07  
 344000      2.63042E-07  
 355000      2.80754E-07  
 366000      3.00504E-07  
 376871      3.22333E-07  
 385016      3.40486E-07  
 393474      3.60921E-07  
 401750      3.83084E-07  
 410000      4.07124E-07  
 418250      4.33907E-07  
 426500      4.632E-07    
 432000      4.84592E-07  
 437500      5.07553E-07  
 443000      5.3224E-07   
 448500      5.58826E-07  
 454000      5.87512E-07  
 459500      6.18521E-07  
 465000      6.5211E-07   
 470500      6.8857E-07   
 476000      7.28236E-07  
 481500      7.71491E-07  
 487000      8.18779E-07  
 492500      8.70615E-07  
 499375      9.42892E-07  
 503500      9.90407E-07  
 509000      1.05989E-06  
 514500      1.13698E-06  
 520000      1.22284E-06  
 524125      1.29414E-06  
 528250      1.37113E-06  
 532375      1.45603E-06  
 536500      1.54809E-06  
 540900      1.65678E-06  
 545300      1.77725E-06  
 549700      1.91124E-06  
 553550      2.04129E-06  
 557400      2.18464E-06  
 561250      2.34371E-06  
 565100      2.52014E-06  
 568400      2.68756E-06  
 571700      2.87184E-06  
 575000      3.07526E-06  
 578300      3.30043E-06  
 581600      3.55047E-06  
 584900      3.82898E-06  
 588200      4.14026E-06  
 590950      4.42883E-06  
 593700      4.74601E-06  
 596450      5.09801E-06  
 599200      5.48683E-06  
 601400      5.82947E-06  
 603600      6.203E-06    
 605800      6.61093E-06  
 608000      7.05718E-06  
 610200      7.54616E-06  
 612400      8.08283E-06  
 614600      8.67274E-06  
 616800      9.32206E-06  
 619000      1.00377E-05  
 621200      1.0827E-05   
 623400      1.16983E-05  
 625600      1.26604E-05  
 627800      1.37219E-05  
 630000      1.48922E-05  
 632200      1.61794E-05  
 634400      1.75905E-05  
 636600      1.91297E-05  
 638800      2.07967E-05  
 641000      2.25845E-05  
 644300      2.54535E-05  
 650350      3.08891E-05  
 652825      3.29169E-05  
 654750      3.4294E-05   
 656400      3.5277E-05   
 658050      3.60382E-05  
 659700      3.65455E-05  
 661350      3.67767E-05  
 661900      3.67902E-05  
 663220      3.6693E-05   
 664650      3.63817E-05  
 665750      3.60061E-05  
 667400      3.52257E-05  
 669050      3.42487E-05  
 670700      3.30758E-05  
 673450      3.08534E-05  
 680600      2.45047E-05  
 682800      2.26357E-05  
 685000      2.08705E-05  
 687200      1.92245E-05  
 689400      1.77044E-05  
 691600      1.63102E-05  
 693800      1.50375E-05  
 696000      1.38798E-05  
 698200      1.28286E-05  
 700400      1.18753E-05  
 702600      1.10111E-05  
 704800      1.02275E-05  
 707000      9.51639E-06  
 709200      8.87059E-06  
 711400      8.28337E-06  
 713600      7.74865E-06  
 715800      7.26104E-06  
 718000      6.81567E-06  
 720200      6.4082E-06   
 722400      6.03479E-06  
 724600      5.69203E-06  
 726800      5.37684E-06  
 729000      5.08656E-06  
 731200      4.81876E-06  
 733400      4.5713E-06   
 735600      4.34228E-06  
 737800      4.12999E-06  
 740000      3.93291E-06  
 742200      3.74969E-06  
 744400      3.57913E-06  
 746600      3.4201E-06   
 749900      3.20217E-06  
 753200      3.00299E-06  
 756500      2.82412E-06  
 759800      2.65984E-06  
 763100      2.5115E-06   
 766400      2.37465E-06  
 769700      2.25044E-06  
 773550      2.11725E-06  
 776300      2.03011E-06  
 780700      1.90239E-06  
 785100      1.78747E-06  
 788675      1.70242E-06  
 792250      1.62402E-06  
 795688      1.55432E-06  
 799125      1.48967E-06  
 804281      1.40165E-06  
 806000      1.37375E-06  
 811500      1.29221E-06  
 817000      1.21921E-06  
 822500      1.15368E-06  
 828000      1.09472E-06  
 833500      1.04156E-06  
 839000      9.93533E-07  
 844500      9.50078E-07  
 850000      9.10712E-07  
 855500      8.75017E-07  
 861000      8.42628E-07  
 866500      8.13233E-07  
 872000      7.86557E-07  
 880250      7.51392E-07  
 888500      7.20605E-07  
 896750      6.94639E-07  
 905000      6.72146E-07  
 913250      6.53555E-07  
 921500      6.37836E-07  
 927000      6.29141E-07  
 938000      6.15491E-07  
 947143      6.0789E-07   
 955000      6.0404E-07   
 962500      6.01839E-07  
 965000      6.01566E-07  
 975211      6.0373E-07   
 980000      6.05403E-07  
 990000      6.12675E-07  
 1E+06       6.23965E-07  
 1.01E+06    6.39615E-07  
 1.02E+06    6.6011E-07   
 1.0275E+06  6.79246E-07  
 1.035E+06   7.01487E-07  
 1.0425E+06  7.27856E-07  
 1.05E+06    7.58757E-07  
 1.055E+06   7.8223E-07   
 1.06E+06    8.08316E-07  
 1.065E+06   8.37327E-07  
 1.07E+06    8.69644E-07  
 1.07625E+06 9.15362E-07  
 1.08094E+06 9.5436E-07   
 1.08575E+06 9.98562E-07  
 1.089E+06   1.03158E-06  
 1.093E+06   1.07597E-06  
 1.097E+06   1.12504E-06  
 1.102E+06   1.19396E-06  
 1.106E+06   1.25614E-06  
 1.11E+06    1.32563E-06  
 1.114E+06   1.40361E-06  
 1.118E+06   1.49146E-06  
 1.121E+06   1.56524E-06  
 1.124E+06   1.64568E-06  
 1.127E+06   1.73539E-06  
 1.13E+06    1.83372E-06  
 1.133E+06   1.94414E-06  
 1.136E+06   2.06588E-06  
 1.138E+06   2.15542E-06  
 1.14E+06    2.25208E-06  
 1.142E+06   2.35658E-06  
 1.144E+06   2.46975E-06  
 1.146E+06   2.59252E-06  
 1.148E+06   2.72593E-06  
 1.15E+06    2.87114E-06  
 1.152E+06   3.02946E-06  
 1.154E+06   3.20231E-06  
 1.156E+06   3.39136E-06  
 1.158E+06   3.59835E-06  
 1.16E+06    3.82528E-06  
 1.162E+06   4.0743E-06   
 1.164E+06   4.34772E-06  
 1.166E+06   4.64798E-06  
 1.168E+06   4.9776E-06   
 1.17E+06    5.33904E-06  
 1.172E+06   5.7346E-06   
 1.174E+06   6.16611E-06  
 1.176E+06   6.63463E-06  
 1.178E+06   7.13998E-06  
 1.18E+06    7.68016E-06  
 1.182E+06   8.25065E-06  
 1.1885E+06  1.01888E-05  
 1.1905E+06  1.07469E-05  
 1.1925E+06  1.12459E-05  
 1.194E+06   1.15622E-05  
 1.1955E+06  1.1824E-05   
 1.197E+06   1.20107E-05  
 1.1985E+06  1.21283E-05  
 1.1998E+06  1.21634E-05  
 1.2015E+06  1.21167E-05  
 1.20312E+06 1.19805E-05  
 1.205E+06   1.17184E-05  
 1.2065E+06  1.14374E-05  
 1.2075E+06  1.12377E-05  
 1.2095E+06  1.07707E-05  
 1.216E+06   9.08797E-06  
 1.218E+06   8.5964E-06   
 1.22E+06    8.14202E-06  
 1.222E+06   7.73361E-06  
 1.224E+06   7.3777E-06   
 1.2255E+06  7.15031E-06  
 1.227E+06   6.9552E-06   
 1.2285E+06  6.80162E-06  
 1.23E+06    6.68591E-06  
 1.231E+06   6.6354E-06   
 1.2325E+06  6.60178E-06  
 1.23262E+06 6.60148E-06  
 1.234E+06   6.6275E-06   
 1.235E+06   6.68234E-06  
 1.236E+06   6.77275E-06  
 1.237E+06   6.90457E-06  
 1.238E+06   7.08501E-06  
 1.23875E+06 7.25955E-06  
 1.2395E+06  7.47016E-06  
 1.24025E+06 7.72897E-06  
 1.241E+06   8.03743E-06  
 1.2415E+06  8.27902E-06  
 1.242E+06   8.55272E-06  
 1.2425E+06  8.86308E-06  
 1.243E+06   9.21542E-06  
 1.2435E+06  9.6162E-06   
 1.244E+06   1.00731E-05  
 1.2445E+06  1.05956E-05  
 1.24512E+06 1.13572E-05  
 1.2455E+06  1.18833E-05  
 1.24588E+06 1.24722E-05  
 1.24625E+06 1.31291E-05  
 1.24662E+06 1.38689E-05  
 1.247E+06   1.46995E-05  
 1.24738E+06 1.56421E-05  
 1.24762E+06 1.63391E-05  
 1.24788E+06 1.70992E-05  
 1.24812E+06 1.79299E-05  
 1.24838E+06 1.88398E-05  
 1.24862E+06 1.98387E-05  
 1.24888E+06 2.09382E-05  
 1.24912E+06 2.21516E-05  
 1.24938E+06 2.34944E-05  
 1.2495E+06  2.42147E-05  
 1.24981E+06 2.61985E-05  
 1.25E+06    2.75295E-05  
 1.25021E+06 2.91603E-05  
 1.25042E+06 3.09559E-05  
 1.25063E+06 3.294E-05    
 1.25084E+06 3.51372E-05  
 1.25105E+06 3.75787E-05  
 1.25126E+06 4.02981E-05  
 1.25147E+06 4.33383E-05  
 1.25168E+06 4.67456E-05  
 1.25182E+06 4.925E-05    
 1.25196E+06 5.19624E-05  
 1.2521E+06  5.49046E-05  
 1.25224E+06 5.8104E-05   
 1.2524E+06  6.21364E-05  
 1.25254E+06 6.60882E-05  
 1.25269E+06 7.04138E-05  
 1.25283E+06 7.5152E-05   
 1.25298E+06 8.03476E-05  
 1.25312E+06 8.60512E-05  
 1.25326E+06 9.23164E-05  
 1.25341E+06 9.92023E-05  
 1.25355E+06 0.00010677   
 1.2537E+06  0.000115082  
 1.25384E+06 0.0001242    
 1.25398E+06 0.000134183  
 1.25413E+06 0.000145073  
 1.25427E+06 0.0001569    
 1.25442E+06 0.000169656  
 1.25456E+06 0.000183295  
 1.25478E+06 0.000205137  
 1.25517E+06 0.000246745  
 1.25532E+06 0.000260951  
 1.25546E+06 0.00027377   
 1.25557E+06 0.000282045  
 1.25568E+06 0.000288782  
 1.25578E+06 0.000293779  
 1.25589E+06 0.000296838  
 1.256E+06   0.000297856  
 1.25611E+06 0.000296726  
 1.25622E+06 0.000293559  
 1.25632E+06 0.000288463  
 1.25643E+06 0.000281637  
 1.25654E+06 0.000273289  
 1.25668E+06 0.000260393  
 1.25683E+06 0.000246135  
 1.2573E+06  0.000197075  
 1.25744E+06 0.000182657  
 1.25758E+06 0.000169037  
 1.25773E+06 0.000156301  
 1.25787E+06 0.000144478  
 1.25801E+06 0.000133703  
 1.25813E+06 0.000125498  
 1.25825E+06 0.000117878  
 1.25837E+06 0.000110809  
 1.25848E+06 0.000104257  
 1.2586E+06  9.81904E-05  
 1.25872E+06 9.258E-05    
 1.25884E+06 8.74103E-05  
 1.25899E+06 8.10635E-05  
 1.25915E+06 7.53257E-05  
 1.25931E+06 7.01345E-05  
 1.25946E+06 6.54313E-05  
 1.25962E+06 6.11635E-05  
 1.25978E+06 5.72843E-05  
 1.25993E+06 5.37519E-05  
 1.26009E+06 5.05293E-05  
 1.26025E+06 4.75839E-05  
 1.2604E+06  4.4887E-05   
 1.26056E+06 4.24128E-05  
 1.26072E+06 4.01389E-05  
 1.26087E+06 3.80453E-05  
 1.26103E+06 3.61143E-05  
 1.26126E+06 3.34881E-05  
 1.2615E+06  3.11485E-05  
 1.26173E+06 2.90544E-05  
 1.26197E+06 2.71753E-05  
 1.2622E+06  2.54822E-05  
 1.26244E+06 2.39531E-05  
 1.26267E+06 2.25669E-05  
 1.26291E+06 2.13076E-05  
 1.26314E+06 2.01595E-05  
 1.26338E+06 1.91111E-05  
 1.26361E+06 1.8153E-05   
 1.26393E+06 1.69954E-05  
 1.26424E+06 1.59561E-05  
 1.26455E+06 1.50215E-05  
 1.26487E+06 1.41784E-05  
 1.26518E+06 1.34151E-05  
 1.26549E+06 1.2722E-05   
 1.26581E+06 1.20907E-05  
 1.26612E+06 1.15141E-05  
 1.26643E+06 1.0986E-05   
 1.26675E+06 1.05013E-05  
 1.26722E+06 9.84701E-06  
 1.26769E+06 9.26349E-06  
 1.268E+06   8.91162E-06  
 1.26844E+06 8.46194E-06  
 1.26888E+06 8.055E-06    
 1.26931E+06 7.68583E-06  
 1.26975E+06 7.34987E-06  
 1.27019E+06 7.04321E-06  
 1.27062E+06 6.76251E-06  
 1.27128E+06 6.38532E-06  
 1.27194E+06 6.04928E-06  
 1.27259E+06 5.75288E-06  
 1.27325E+06 5.48638E-06  
 1.27391E+06 5.24904E-06  
 1.27456E+06 5.03802E-06  
 1.275E+06   4.90314E-06  
 1.27588E+06 4.66494E-06  
 1.27675E+06 4.45497E-06  
 1.27762E+06 4.26889E-06  
 1.2785E+06  4.10318E-06  
 1.27938E+06 3.95495E-06  
 1.28025E+06 3.82184E-06  
 1.28156E+06 3.64729E-06  
 1.28288E+06 3.49481E-06  
 1.28419E+06 3.36424E-06  
 1.2855E+06  3.24898E-06  
 1.28725E+06 3.11781E-06  
 1.289E+06   3.00687E-06  
 1.29075E+06 2.91256E-06  
 1.2925E+06  2.83206E-06  
 1.29425E+06 2.76314E-06  
 1.296E+06   2.70404E-06  
 1.29862E+06 2.63155E-06  
 1.30125E+06 2.57286E-06  
 1.303E+06   2.54139E-06  
 1.3065E+06  2.49268E-06  
 1.31E+06    2.45981E-06  
 1.3135E+06  2.43997E-06  
 1.31875E+06 2.43017E-06  
 1.32531E+06 2.44589E-06  
 1.32925E+06 2.46687E-06  
 1.3345E+06  2.50612E-06  
 1.338E+06   2.5396E-06   
 1.345E+06   2.62107E-06  
 1.352E+06   2.71973E-06  
 1.36075E+06 2.86387E-06  
 1.3695E+06  3.02732E-06  
 1.38E+06    3.24342E-06  
 1.4045E+06  3.77288E-06  
 1.4115E+06  3.92117E-06  
 1.422E+06   4.11972E-06  
 1.429E+06   4.23755E-06  
 1.436E+06   4.34166E-06  
 1.44335E+06 4.43591E-06  
 1.4528E+06  4.53921E-06  
 1.4675E+06  4.6656E-06   
 1.4885E+06  4.83995E-06  
 1.5025E+06  4.98205E-06  
 1.534E+06   5.36982E-06  
 1.543E+06   5.46805E-06  
 1.552E+06   5.53711E-06  
 1.561E+06   5.56336E-06  
 1.5685E+06  5.54651E-06  
 1.576E+06   5.49097E-06  
 1.585E+06   5.373E-06    
 1.594E+06   5.20294E-06  
 1.6E+06     5.065E-06    
 1.606E+06   4.91118E-06  
 1.618E+06   4.5704E-06   
 1.642E+06   3.8485E-06   
 1.654E+06   3.5064E-06   
 1.6615E+06  3.30613E-06  
 1.669E+06   3.11794E-06  
 1.678E+06   2.90992E-06  
 1.687E+06   2.71853E-06  
 1.693E+06   2.60184E-06  
 1.699E+06   2.49316E-06  
 1.705E+06   2.39232E-06  
 1.711E+06   2.29912E-06  
 1.717E+06   2.21341E-06  
 1.723E+06   2.13507E-06  
 1.729E+06   2.06405E-06  
 1.735E+06   2.00042E-06  
 1.741E+06   1.94433E-06  
 1.747E+06   1.89619E-06  
 1.753E+06   1.85665E-06  
 1.759E+06   1.82672E-06  
 1.765E+06   1.80799E-06  
 1.76988E+06 1.80267E-06  
 1.77756E+06 1.81797E-06  
 1.78E+06    1.8298E-06   
 1.783E+06   1.85116E-06  
 1.786E+06   1.88075E-06  
 1.789E+06   1.92035E-06  
 1.792E+06   1.97227E-06  
 1.79425E+06 2.02166E-06  
 1.7965E+06  2.08053E-06  
 1.79875E+06 2.15328E-06  
 1.80025E+06 2.20982E-06  
 1.80175E+06 2.27431E-06  
 1.80325E+06 2.34804E-06  
 1.804E+06   2.3876E-06   
 1.8055E+06  2.47796E-06  
 1.807E+06   2.58204E-06  
 1.8085E+06  2.70241E-06  
 1.81E+06    2.84218E-06  
 1.81112E+06 2.96274E-06  
 1.81225E+06 3.09754E-06  
 1.81332E+06 3.24272E-06  
 1.81426E+06 3.3864E-06   
 1.81521E+06 3.54818E-06  
 1.81616E+06 3.7281E-06   
 1.81711E+06 3.93227E-06  
 1.81805E+06 4.16097E-06  
 1.81869E+06 4.33096E-06  
 1.81932E+06 4.51628E-06  
 1.81995E+06 4.71879E-06  
 1.82058E+06 4.9406E-06   
 1.82121E+06 5.18414E-06  
 1.82184E+06 5.45226E-06  
 1.82248E+06 5.74825E-06  
 1.82311E+06 6.07599E-06  
 1.82374E+06 6.44001E-06  
 1.82437E+06 6.84568E-06  
 1.825E+06   7.29935E-06  
 1.82563E+06 7.80782E-06  
 1.82611E+06 8.23147E-06  
 1.82658E+06 8.69528E-06  
 1.82706E+06 9.20659E-06  
 1.82753E+06 9.76822E-06  
 1.828E+06   1.03907E-05  
 1.82848E+06 1.10781E-05  
 1.82895E+06 1.18445E-05  
 1.82943E+06 1.26955E-05  
 1.8299E+06  1.36462E-05  
 1.83037E+06 1.47172E-05  
 1.83069E+06 1.55026E-05  
 1.831E+06   1.63535E-05  
 1.83132E+06 1.72765E-05  
 1.83164E+06 1.82792E-05  
 1.83195E+06 1.93701E-05  
 1.83227E+06 2.05584E-05  
 1.83258E+06 2.18547E-05  
 1.8329E+06  2.32702E-05  
 1.83322E+06 2.48167E-05  
 1.83349E+06 2.62883E-05  
 1.83377E+06 2.78834E-05  
 1.8341E+06  2.99491E-05  
 1.83442E+06 3.22179E-05  
 1.83475E+06 3.47102E-05  
 1.83508E+06 3.74443E-05  
 1.83541E+06 4.04376E-05  
 1.83574E+06 4.37037E-05  
 1.83606E+06 4.7251E-05   
 1.83639E+06 5.10781E-05  
 1.83672E+06 5.51705E-05  
 1.83721E+06 6.1732E-05   
 1.83811E+06 7.4228E-05   
 1.83844E+06 7.84975E-05  
 1.83885E+06 8.32225E-05  
 1.8391E+06  8.55541E-05  
 1.83934E+06 8.74086E-05  
 1.83959E+06 8.87185E-05  
 1.83984E+06 8.94388E-05  
 1.84E+06    8.95688E-05  
 1.84025E+06 8.92116E-05  
 1.84049E+06 8.82528E-05  
 1.84074E+06 8.67131E-05  
 1.84098E+06 8.46538E-05  
 1.84123E+06 8.21537E-05  
 1.84156E+06 7.82776E-05  
 1.84189E+06 7.39723E-05  
 1.84295E+06 5.9228E-05   
 1.84328E+06 5.49117E-05  
 1.84361E+06 5.08297E-05  
 1.84394E+06 4.70141E-05  
 1.84426E+06 4.3479E-05   
 1.84459E+06 4.02246E-05  
 1.84492E+06 3.72427E-05  
 1.84525E+06 3.45191E-05  
 1.84558E+06 3.20364E-05  
 1.8459E+06  2.97762E-05  
 1.84623E+06 2.77194E-05  
 1.84656E+06 2.58476E-05  
 1.84689E+06 2.41434E-05  
 1.84722E+06 2.25905E-05  
 1.84754E+06 2.1174E-05   
 1.84787E+06 1.98803E-05  
 1.8482E+06  1.86973E-05  
 1.84853E+06 1.76139E-05  
 1.84886E+06 1.66202E-05  
 1.84918E+06 1.57073E-05  
 1.84951E+06 1.48675E-05  
 1.84984E+06 1.40935E-05  
 1.85017E+06 1.33792E-05  
 1.8505E+06  1.27189E-05  
 1.85082E+06 1.21076E-05  
 1.85132E+06 1.12744E-05  
 1.85181E+06 1.05251E-05  
 1.8523E+06  9.85421E-06  
 1.85279E+06 9.2472E-06   
 1.85325E+06 8.74057E-06  
 1.85372E+06 8.25701E-06  
 1.85419E+06 7.81726E-06  
 1.85467E+06 7.41404E-06  
 1.85498E+06 7.16513E-06  
 1.85562E+06 6.70726E-06  
 1.85625E+06 6.29667E-06  
 1.85688E+06 5.92771E-06  
 1.85751E+06 5.59499E-06  
 1.85814E+06 5.294E-06    
 1.85878E+06 5.02086E-06  
 1.85941E+06 4.77228E-06  
 1.86004E+06 4.54541E-06  
 1.86067E+06 4.33781E-06  
 1.8613E+06  4.14738E-06  
 1.86194E+06 3.97228E-06  
 1.86288E+06 3.73584E-06  
 1.8639E+06  3.50974E-06  
 1.86495E+06 3.30477E-06  
 1.866E+06   3.12136E-06  
 1.86705E+06 2.95933E-06  
 1.8681E+06  2.81312E-06  
 1.86915E+06 2.68276E-06  
 1.8702E+06  2.56435E-06  
 1.8716E+06  2.42418E-06  
 1.873E+06   2.30057E-06  
 1.8744E+06  2.19106E-06  
 1.8758E+06  2.09354E-06  
 1.8772E+06  2.00629E-06  
 1.8786E+06  1.92788E-06  
 1.88E+06    1.85713E-06  
 1.8814E+06  1.79304E-06  
 1.8835E+06  1.70809E-06  
 1.8856E+06  1.63298E-06  
 1.8877E+06  1.56773E-06  
 1.8898E+06  1.5107E-06   
 1.8912E+06  1.47432E-06  
 1.894E+06   1.41155E-06  
 1.8968E+06  1.35709E-06  
 1.8996E+06  1.30949E-06  
 1.9024E+06  1.26758E-06  
 1.9052E+06  1.23044E-06  
 1.9094E+06  1.18249E-06  
 1.9136E+06  1.14103E-06  
 1.9178E+06  1.10596E-06  
 1.922E+06   1.076E-06    
 1.9248E+06  1.05701E-06  
 1.9304E+06  1.02516E-06  
 1.936E+06   9.98272E-07  
 1.9416E+06  9.7546E-07   
 1.95E+06    9.47765E-07  
 1.9584E+06  9.25479E-07  
 1.964E+06   9.13637E-07  
 1.9752E+06  8.95621E-07  
 1.9864E+06  8.8411E-07   
 2.0004E+06  8.77788E-07  
 2.0046E+06  8.77275E-07  
 2.02E+06    8.81908E-07  
 2.0312E+06  8.9103E-07   
 2.0424E+06  9.05051E-07  
 2.0536E+06  9.24147E-07  
 2.0676E+06  9.55772E-07  
 2.0732E+06  9.70702E-07  
 2.0872E+06  1.0153E-06   
 2.0984E+06  1.05864E-06  
 2.1096E+06  1.10956E-06  
 2.1208E+06  1.1689E-06   
 2.1292E+06  1.21977E-06  
 2.1376E+06  1.27572E-06  
 2.146E+06   1.33844E-06  
 2.1544E+06  1.40703E-06  
 2.1628E+06  1.48336E-06  
 2.1712E+06  1.56631E-06  
 2.1796E+06  1.65782E-06  
 2.188E+06   1.75642E-06  
 2.1992E+06  1.90086E-06  
 2.2104E+06  2.05889E-06  
 2.2251E+06  2.28448E-06  
 2.2636E+06  2.91214E-06  
 2.2804E+06  3.17179E-06  
 2.3084E+06  3.5768E-06   
 2.3196E+06  3.74894E-06  
 2.3308E+06  3.93794E-06  
 2.3555E+06  4.38488E-06  
 2.3659E+06  4.54594E-06  
 2.3815E+06  4.75724E-06  
 2.3867E+06  4.84668E-06  
 2.3906E+06  4.94233E-06  
 2.3932E+06  5.02402E-06  
 2.3945E+06  5.06958E-06  
 2.3971E+06  5.18314E-06  
 2.3997E+06  5.32611E-06  
 2.4023E+06  5.5064E-06   
 2.40425E+06 5.67371E-06  
 2.40571E+06 5.82043E-06  
 2.40652E+06 5.90732E-06  
 2.40815E+06 6.10794E-06  
 2.40978E+06 6.34135E-06  
 2.4114E+06  6.61335E-06  
 2.4127E+06  6.86352E-06  
 2.414E+06   7.14749E-06  
 2.4153E+06  7.47035E-06  
 2.4166E+06  7.83832E-06  
 2.4179E+06  8.25876E-06  
 2.4192E+06  8.74004E-06  
 2.42018E+06 9.14894E-06  
 2.42115E+06 9.60099E-06  
 2.42212E+06 1.01084E-05  
 2.4231E+06  1.06709E-05  
 2.42408E+06 1.13051E-05  
 2.42505E+06 1.2011E-05   
 2.4257E+06  1.25314E-05  
 2.42635E+06 1.30945E-05  
 2.427E+06   1.37044E-05  
 2.42765E+06 1.43656E-05  
 2.4283E+06  1.5083E-05   
 2.42895E+06 1.58621E-05  
 2.4296E+06  1.67088E-05  
 2.43025E+06 1.76292E-05  
 2.4309E+06  1.86304E-05  
 2.43155E+06 1.97196E-05  
 2.43241E+06 2.1307E-05   
 2.43304E+06 2.25793E-05  
 2.43366E+06 2.39615E-05  
 2.43429E+06 2.54506E-05  
 2.43471E+06 2.6512E-05   
 2.43555E+06 2.8792E-05   
 2.43607E+06 3.03263E-05  
 2.43688E+06 3.28798E-05  
 2.43769E+06 3.56219E-05  
 2.43891E+06 4.0025E-05   
 2.44074E+06 4.67748E-05  
 2.44114E+06 4.8219E-05   
 2.44216E+06 5.14614E-05  
 2.44277E+06 5.30809E-05  
 2.44338E+06 5.43568E-05  
 2.44398E+06 5.52595E-05  
 2.44439E+06 5.56173E-05  
 2.44492E+06 5.57947E-05  
 2.44539E+06 5.56305E-05  
 2.44581E+06 5.52763E-05  
 2.44642E+06 5.44056E-05  
 2.44703E+06 5.31292E-05  
 2.44764E+06 5.15329E-05  
 2.44804E+06 5.03086E-05  
 2.44886E+06 4.75914E-05  
 2.45018E+06 4.27474E-05  
 2.4515E+06  3.78461E-05  
 2.45231E+06 3.49617E-05  
 2.45312E+06 3.22415E-05  
 2.45393E+06 2.97122E-05  
 2.45474E+06 2.73841E-05  
 2.45556E+06 2.52569E-05  
 2.45637E+06 2.33229E-05  
 2.45718E+06 2.15703E-05  
 2.45799E+06 1.9985E-05   
 2.4588E+06  1.85525E-05  
 2.45962E+06 1.7258E-05   
 2.46043E+06 1.60878E-05  
 2.46124E+06 1.5029E-05   
 2.46205E+06 1.40696E-05  
 2.46286E+06 1.31991E-05  
 2.46368E+06 1.2408E-05   
 2.46449E+06 1.16876E-05  
 2.4653E+06  1.10305E-05  
 2.46611E+06 1.04299E-05  
 2.46692E+06 9.87988E-06  
 2.46774E+06 9.37522E-06  
 2.46855E+06 8.9113E-06   
 2.46936E+06 8.48399E-06  
 2.47017E+06 8.08969E-06  
 2.47098E+06 7.72515E-06  
 2.4718E+06  7.38754E-06  
 2.47301E+06 6.92789E-06  
 2.47423E+06 6.51221E-06  
 2.47545E+06 6.1409E-06   
 2.47667E+06 5.80287E-06  
 2.47789E+06 5.49868E-06  
 2.4791E+06  5.22008E-06  
 2.47992E+06 5.04895E-06  
 2.48154E+06 4.73559E-06  
 2.48316E+06 4.45607E-06  
 2.48479E+06 4.20566E-06  
 2.48631E+06 3.9946E-06   
 2.48844E+06 3.72944E-06  
 2.49007E+06 3.54935E-06  
 2.49205E+06 3.3523E-06   
 2.49397E+06 3.17819E-06  
 2.49588E+06 3.02429E-06  
 2.49778E+06 2.88337E-06  
 2.49981E+06 2.74731E-06  
 2.50184E+06 2.62349E-06  
 2.50387E+06 2.5104E-06   
 2.5059E+06  2.40676E-06  
 2.50793E+06 2.31145E-06  
 2.51098E+06 2.18279E-06  
 2.51402E+06 2.0668E-06   
 2.51706E+06 1.96387E-06  
 2.52011E+06 1.87013E-06  
 2.52214E+06 1.81293E-06  
 2.5262E+06  1.70876E-06  
 2.53026E+06 1.61631E-06  
 2.53432E+06 1.53375E-06  
 2.53838E+06 1.45956E-06  
 2.54244E+06 1.39253E-06  
 2.5465E+06  1.33165E-06  
 2.55056E+06 1.27613E-06  
 2.55462E+06 1.22526E-06  
 2.55868E+06 1.1785E-06   
 2.56452E+06 1.11778E-06  
 2.56984E+06 1.06738E-06  
 2.57695E+06 1.00751E-06  
 2.58456E+06 9.50809E-07  
 2.59218E+06 9.00543E-07  
 2.59979E+06 8.55696E-07  
 2.6074E+06  8.15452E-07  
 2.61501E+06 7.79342E-07  
 2.62262E+06 7.46954E-07  
 2.6277E+06  7.26083E-07  
 2.63785E+06 6.89178E-07  
 2.648E+06   6.56406E-07  
 2.65815E+06 6.27175E-07  
 2.6683E+06  6.0101E-07   
 2.67845E+06 5.77522E-07  
 2.6886E+06  5.56396E-07  
 2.69875E+06 5.37368E-07  
 2.7089E+06  5.20223E-07  
 2.71905E+06 5.0478E-07   
 2.73378E+06 4.85239E-07  
 2.7475E+06  4.69392E-07  
 2.76122E+06 4.56106E-07  
 2.77595E+06 4.44004E-07  
 2.79118E+06 4.34219E-07  
 2.8064E+06  4.26635E-07  
 2.82162E+06 4.21823E-07  
 2.83685E+06 4.1936E-07   
 2.84192E+06 4.19211E-07  
 2.85715E+06 4.20846E-07  
 2.8673E+06  4.23857E-07  
 2.87745E+06 4.2866E-07   
 2.8876E+06  4.35556E-07  
 2.89521E+06 4.42342E-07  
 2.90282E+06 4.50762E-07  
 2.91044E+06 4.6111E-07   
 2.91805E+06 4.73763E-07  
 2.92516E+06 4.88091E-07  
 2.93226E+06 5.0539E-07   
 2.93835E+06 5.23285E-07  
 2.94444E+06 5.44132E-07  
 2.9485E+06  5.60338E-07  
 2.95256E+06 5.78626E-07  
 2.95662E+06 5.99342E-07  
 2.96068E+06 6.22913E-07  
 2.96474E+06 6.49865E-07  
 2.9688E+06  6.80858E-07  
 2.97286E+06 7.16703E-07  
 2.9759E+06  7.47586E-07  
 2.97895E+06 7.81995E-07  
 2.982E+06   8.21402E-07  
 2.98504E+06 8.65687E-07  
 2.98707E+06 8.98875E-07  
 2.9891E+06  9.35279E-07  
 2.99113E+06 9.75325E-07  
 2.99316E+06 1.01952E-06  
 2.99519E+06 1.06844E-06  
 2.99785E+06 1.14121E-06  
 2.99976E+06 1.19959E-06  
 3.00166E+06 1.26514E-06  
 3.00361E+06 1.33974E-06  
 3.00493E+06 1.39557E-06  
 3.00656E+06 1.47086E-06  
 3.00818E+06 1.55433E-06  
 3.0097E+06  1.64153E-06  
 3.01102E+06 1.72544E-06  
 3.01184E+06 1.77917E-06  
 3.01346E+06 1.89914E-06  
 3.01468E+06 1.99938E-06  
 3.0159E+06  2.10873E-06  
 3.01711E+06 2.22984E-06  
 3.01833E+06 2.36252E-06  
 3.01955E+06 2.51036E-06  
 3.02077E+06 2.6732E-06   
 3.02199E+06 2.85586E-06  
 3.0228E+06  2.9888E-06   
 3.02361E+06 3.13123E-06  
 3.02483E+06 3.36793E-06  
 3.02564E+06 3.54174E-06  
 3.02645E+06 3.73028E-06  
 3.02726E+06 3.93495E-06  
 3.02808E+06 4.15748E-06  
 3.02889E+06 4.39981E-06  
 3.0297E+06  4.66413E-06  
 3.03051E+06 4.95288E-06  
 3.03132E+06 5.26875E-06  
 3.03214E+06 5.61481E-06  
 3.03295E+06 5.99438E-06  
 3.03376E+06 6.41116E-06  
 3.03457E+06 6.86918E-06  
 3.03538E+06 7.37276E-06  
 3.0362E+06  7.92648E-06  
 3.03701E+06 8.53505E-06  
 3.03782E+06 9.20313E-06  
 3.03863E+06 9.93504E-06  
 3.03944E+06 1.07343E-05  
 3.04026E+06 1.1603E-05   
 3.04107E+06 1.2541E-05   
 3.04188E+06 1.35449E-05  
 3.0431E+06  1.51576E-05  
 3.04533E+06 1.82295E-05  
 3.04614E+06 1.92798E-05  
 3.04716E+06 2.04373E-05  
 3.04777E+06 2.101E-05    
 3.04838E+06 2.14615E-05  
 3.04898E+06 2.17822E-05  
 3.04961E+06 2.19514E-05  
 3.04996E+06 2.19844E-05  
 3.05061E+06 2.18906E-05  
 3.05122E+06 2.16469E-05  
 3.05183E+06 2.12653E-05  
 3.05244E+06 2.07529E-05  
 3.05304E+06 2.01365E-05  
 3.05386E+06 1.91812E-05  
 3.05467E+06 1.81249E-05  
 3.05731E+06 1.45185E-05  
 3.05812E+06 1.34674E-05  
 3.05893E+06 1.2475E-05   
 3.05974E+06 1.15488E-05  
 3.06056E+06 1.06918E-05  
 3.06137E+06 9.90367E-06  
 3.06218E+06 9.18228E-06  
 3.06299E+06 8.52397E-06  
 3.0638E+06  7.9244E-06   
 3.06462E+06 7.37893E-06  
 3.06543E+06 6.88288E-06  
 3.06624E+06 6.43174E-06  
 3.06705E+06 6.02123E-06  
 3.06786E+06 5.64737E-06  
 3.06868E+06 5.30656E-06  
 3.06949E+06 4.99547E-06  
 3.0703E+06  4.71115E-06  
 3.07111E+06 4.45091E-06  
 3.07192E+06 4.21236E-06  
 3.07274E+06 3.99337E-06  
 3.07355E+06 3.792E-06    
 3.07436E+06 3.60656E-06  
 3.07517E+06 3.43554E-06  
 3.07598E+06 3.27755E-06  
 3.0768E+06  3.13141E-06  
 3.07801E+06 2.93278E-06  
 3.07923E+06 2.7537E-06   
 3.08045E+06 2.59423E-06  
 3.08167E+06 2.44965E-06  
 3.08289E+06 2.32009E-06  
 3.0841E+06  2.20203E-06  
 3.08492E+06 2.12986E-06  
 3.08654E+06 1.99844E-06  
 3.08816E+06 1.8822E-06   
 3.08979E+06 1.77902E-06  
 3.09131E+06 1.69293E-06  
 3.09263E+06 1.62576E-06  
 3.09344E+06 1.58607E-06  
 3.09507E+06 1.5145E-06   
 3.09705E+06 1.43733E-06  
 3.09897E+06 1.3702E-06   
 3.10088E+06 1.31196E-06  
 3.10278E+06 1.25956E-06  
 3.10481E+06 1.21003E-06  
 3.10684E+06 1.16597E-06  
 3.10887E+06 1.12669E-06  
 3.1109E+06  1.09163E-06  
 3.11394E+06 1.04618E-06  
 3.11699E+06 1.00705E-06  
 3.12004E+06 9.74375E-07  
 3.12308E+06 9.46238E-07  
 3.12714E+06 9.1558E-07   
 3.1312E+06  8.91176E-07  
 3.13526E+06 8.72003E-07  
 3.13894E+06 8.5844E-07   
 3.14263E+06 8.48027E-07  
 3.14816E+06 8.37725E-07  
 3.14948E+06 8.35865E-07  
 3.14955E+06 8.36892E-07  
 3.14958E+06 8.40631E-07  
 3.1496E+06  8.45549E-07  
 3.14961E+06 8.54988E-07  
 3.14962E+06 8.67182E-07  
 3.14963E+06 8.79036E-07  
 3.14964E+06 8.95027E-07  
 3.14964E+06 9.16462E-07  
 3.14965E+06 9.3712E-07   
 3.14965E+06 9.62589E-07  
 3.14966E+06 9.94147E-07  
 3.14967E+06 1.03282E-06  
 3.14967E+06 1.06328E-06  
 3.14967E+06 1.09821E-06  
 3.14968E+06 1.13796E-06  
 3.14968E+06 1.18333E-06  
 3.14968E+06 1.23481E-06  
 3.14969E+06 1.29357E-06  
 3.14969E+06 1.36007E-06  
 3.14969E+06 1.43551E-06  
 3.1497E+06  1.52063E-06  
 3.1497E+06  1.61711E-06  
 3.1497E+06  1.72565E-06  
 3.14971E+06 1.81637E-06  
 3.14971E+06 1.91492E-06  
 3.14971E+06 2.02278E-06  
 3.14972E+06 2.14038E-06  
 3.14972E+06 2.26891E-06  
 3.14972E+06 2.4085E-06   
 3.14972E+06 2.56059E-06  
 3.14973E+06 2.725E-06    
 3.14973E+06 2.90521E-06  
 3.14973E+06 3.09976E-06  
 3.14973E+06 3.31104E-06  
 3.14974E+06 3.53933E-06  
 3.14974E+06 3.78717E-06  
 3.14974E+06 4.05512E-06  
 3.14975E+06 4.34548E-06  
 3.14975E+06 4.65734E-06  
 3.14975E+06 4.99625E-06  
 3.14975E+06 5.3597E-06   
 3.14976E+06 5.75208E-06  
 3.14976E+06 6.17389E-06  
 3.14976E+06 6.62889E-06  
 3.14976E+06 7.11657E-06  
 3.14977E+06 7.64101E-06  
 3.14977E+06 8.20051E-06  
 3.14977E+06 8.80703E-06  
 3.14978E+06 9.45332E-06  
 3.14978E+06 1.01461E-05  
 3.14978E+06 1.0885E-05   
 3.14978E+06 1.16769E-05  
 3.14979E+06 1.25213E-05  
 3.14979E+06 1.37364E-05  
 3.14979E+06 1.50584E-05  
 3.1498E+06  1.64944E-05  
 3.1498E+06  1.80545E-05  
 3.1498E+06  1.9747E-05   
 3.14981E+06 2.15776E-05  
 3.14981E+06 2.35548E-05  
 3.14981E+06 2.56891E-05  
 3.14982E+06 2.799E-05    
 3.14982E+06 3.04641E-05  
 3.14983E+06 3.31206E-05  
 3.14983E+06 3.59739E-05  
 3.14983E+06 3.90345E-05  
 3.14984E+06 4.23067E-05  
 3.14984E+06 4.58E-05     
 3.14984E+06 4.95275E-05  
 3.14985E+06 5.34995E-05  
 3.14985E+06 5.77214E-05  
 3.14985E+06 6.22021E-05  
 3.14986E+06 6.69581E-05  
 3.14986E+06 7.19992E-05  
 3.14987E+06 8.00955E-05  
 3.14987E+06 8.88769E-05  
 3.14988E+06 9.83502E-05  
 3.14988E+06 0.000108565  
 3.14989E+06 0.000119527  
 3.14989E+06 0.00013127   
 3.1499E+06  0.000143757  
 3.1499E+06  0.000157075  
 3.14991E+06 0.000171145  
 3.14992E+06 0.000191145  
 3.14992E+06 0.000212529  
 3.14993E+06 0.000235249  
 3.14994E+06 0.000259248  
 3.14995E+06 0.000284471  
 3.14996E+06 0.000324365  
 3.14997E+06 0.000366425  
 3.14998E+06 0.000425003  
 3.15002E+06 0.000591878  
 3.15004E+06 0.000657592  
 3.15005E+06 0.000718827  
 3.15007E+06 0.000774237  
 3.15009E+06 0.00082284   
 3.1501E+06  0.000864306  
 3.15012E+06 0.000898554  
 3.15014E+06 0.000926035  
 3.15015E+06 0.00094742   
 3.15017E+06 0.000963584  
 3.15019E+06 0.000975432  
 3.15021E+06 0.000986056  
 3.15024E+06 0.000994552  
 3.15026E+06 0.000997262  
 3.15035E+06 0.000999899  
 6.21402E+06 0.00105267   
 1E+07       0.0011       
 1.01411E+07 0.0011       
 1.02842E+07 0.0011       
 1.04292E+07 0.0011       
 1.05764E+07 0.0011       
 1.07256E+07 0.0011       
 1.08769E+07 0.0011       
 1.10304E+07 0.0011       
 1.1186E+07  0.0011       
 1.13438E+07 0.0011       
 1.15038E+07 0.0011       
 1.16661E+07 0.0011       
 1.18307E+07 0.0011       
 1.19976E+07 0.0011       
 1.21669E+07 0.0011       
 1.23386E+07 0.0011       
 1.25126E+07 0.0011       
 1.26892E+07 0.0011       
 1.28682E+07 0.0011       
 1.30497E+07 0.0011       
 1.32338E+07 0.0011       
 1.34205E+07 0.0011       
 1.36099E+07 0.0011       
 1.38019E+07 0.0011       
 1.39966E+07 0.0011       
 1.41941E+07 0.0011       
 1.43943E+07 0.0011       
 1.45974E+07 0.0011       
 1.48034E+07 0.0011       
 1.50122E+07 0.0011       
 1.5224E+07  0.0011       
 1.54388E+07 0.0011       
 1.56566E+07 0.0011       
 1.58775E+07 0.0011       
 1.61015E+07 0.0011       
 1.63287E+07 0.0011       
 1.6559E+07  0.0011       
 1.67926E+07 0.0011       
 1.70296E+07 0.0011       
 1.72698E+07 0.0011       
 1.75135E+07 0.0011       
 1.77605E+07 0.0011       
 1.80111E+07 0.0011       
 1.82652E+07 0.0011       
 1.85229E+07 0.0011       
 1.87842E+07 0.0011       
 1.90492E+07 0.0011       
 1.9318E+07  0.0011       
 1.95905E+07 0.0011       
 1.98669E+07 0.0011       
 2E+07       0.0011       
#END

